2014-10-28,1216,1928,2476
2014-10-29,1085,1768,2321
2014-10-27,1135,1803,2328
2014-10-24,1087,1717,2222
2014-10-25,2,7,15
2014-10-22,1381,2064,2610
2014-10-23,1135,1815,2345
2014-10-20,1437,2148,2756
2014-10-21,1143,1807,2383
2014-10-31,882,1388,1849
2014-10-30,1057,1723,2247
2014-10-01,208,344,454
2014-10-02,205,334,448
2014-10-03,147,257,336
2014-10-04,9,15,16
2014-10-06,215,359,488
2014-10-07,312,522,707
2014-10-08,1272,1904,2453
2014-10-09,1332,2058,2682
2014-10-17,1184,1875,2420
2014-10-16,1341,2105,2734
2014-10-15,1551,2319,2913
2014-10-14,1300,2042,2642
2014-10-13,1256,1963,2541
2014-10-11,6,10,12
2014-10-10,1164,1802,2291
2014-10-18,10,16,21
2014-09-19,689,1152,1557
2014-09-18,778,1318,1745
2014-09-15,1130,1710,2209
2014-09-17,1020,1659,2133
2014-09-16,1028,1625,2154
2014-09-13,64,90,110
2014-09-20,5,13,18
2014-09-22,872,1428,1900
2014-09-23,907,1505,1983
2014-09-24,965,1560,2084
2014-09-25,1103,1705,2208
2014-09-26,1027,1589,2055
2014-09-27,7,14,17
2014-09-29,1253,1958,2510
2014-09-30,1052,1650,2131
2014-12-08,861,1463,1929
2014-12-09,949,1560,2098
2014-12-02,996,1638,2173
2014-12-03,1120,1800,2352
2014-12-01,988,1564,2083
2014-12-06,7,13,15
2014-12-04,998,1591,2099
2014-12-05,892,1379,1826
2014-12-19,985,1532,1942
2014-12-18,1012,1575,2109
2014-12-11,874,1421,1874
2014-12-10,931,1489,2005
2014-12-13,2,9,15
2014-12-12,1088,1643,2087
2014-12-15,918,1482,1921
2014-12-17,1031,1655,2177
2014-12-16,914,1470,1956
2014-11-21,1028,1509,1878
2014-11-20,991,1600,2065
2014-11-22,5,10,16
2014-11-25,870,1462,1904
2014-11-24,713,1253,1689
2014-11-27,1053,1722,2212
2014-11-26,1107,1753,2299
2014-11-29,5,9,15
2014-11-28,899,1472,1909
2014-12-29,1035,1648,2129
2014-12-24,982,1571,2055
2014-12-25,969,1498,1991
2014-12-26,924,1470,1911
2014-12-27,4,10,15
2014-12-20,4,9,14
2014-12-22,1009,1620,2114
2014-12-23,1009,1628,2136
2014-11-14,891,1404,1880
2014-11-15,6,11,18
2014-11-17,914,1535,2035
2014-11-10,980,1618,2115
2014-11-11,1105,1759,2298
2014-11-12,1229,1917,2439
2014-11-13,1011,1616,2126
2014-11-18,1037,1681,2185
2014-11-19,1153,1811,2328
2014-12-31,1498,2058,2517
2014-12-30,1209,1776,2294
2014-11-08,4,9,12
2014-11-03,1016,1651,2155
2014-11-01,9,15,17
2014-11-07,958,1503,1963
2014-11-06,1034,1678,2204
2014-11-05,1223,1901,2444
2014-11-04,651,1136,1566
2015-01-10,7,15,17
2015-01-12,1560,2017,2365
2015-01-13,1736,2059,2321
2015-01-14,718,855,966
2015-01-15,2625,3077,3399
2015-01-16,3888,4241,4508
2015-01-17,6,10,18
2015-01-09,1321,1761,2111
2015-01-08,1140,1595,1967
2015-01-07,1091,1552,1947
2015-01-06,869,1290,1723
2015-01-05,933,1406,1813
2015-01-03,12,22,27
2015-01-02,362,579,733
2015-01-01,351,543,720
