2014-12-08,1299,2058,2680
2014-12-09,1339,2104,2734
2014-12-02,1424,2306,2977
2014-12-03,1544,2405,3134
2014-12-01,1380,2187,2850
2014-12-06,8,12,16
2014-12-04,1383,2204,2858
2014-12-05,1257,1969,2523
2014-12-19,1304,2048,2611
2014-12-18,1410,2217,2838
2014-12-11,1253,2052,2652
2014-12-10,1305,2032,2653
2014-12-13,3,7,14
2014-12-12,1565,2391,2947
2014-12-15,1298,2082,2694
2014-12-17,1382,2238,2884
2014-12-16,1254,1988,2621
2014-12-29,1375,2234,2841
2014-12-24,1327,2127,2775
2014-12-25,1343,2101,2700
2014-12-26,1235,1945,2522
2014-12-27,8,11,16
2014-12-20,4,10,12
2014-12-22,1416,2241,2872
2014-12-23,1380,2191,2831
2014-12-31,1870,2590,3142
2014-12-30,1570,2393,3049
2014-11-21,1349,1999,2511
2014-11-20,1478,2259,2889
2014-11-22,3,8,14
2014-11-25,1221,2000,2630
2014-11-24,1124,1818,2393
2014-11-27,1520,2372,3028
2014-11-26,1542,2438,3100
2014-11-29,6,10,14
2014-11-28,1283,2012,2624
2014-11-14,1272,2036,2574
2014-11-15,5,11,12
2014-11-17,1372,2194,2817
2014-11-10,1423,2284,2970
2014-11-11,1551,2459,3195
2014-11-12,1680,2581,3278
2014-11-13,1463,2289,2906
2014-11-18,1557,2446,3120
2014-11-19,1595,2462,3086
2014-11-08,5,8,11
2014-11-03,1428,2258,2931
2014-11-01,7,13,13
2014-11-07,1351,2093,2697
2014-11-06,1475,2367,3036
2014-11-05,1649,2591,3278
2014-11-04,1106,1885,2528
2014-09-19,1014,1664,2140
2014-09-18,1277,2006,2562
2014-09-15,1736,2603,3260
2014-09-17,1652,2494,3167
2014-09-16,1702,2566,3200
2014-09-13,73,101,116
2014-09-20,8,13,18
2014-09-22,1350,2085,2692
2014-09-23,1482,2286,2904
2014-09-24,1538,2407,3045
2014-09-25,1650,2549,3179
2014-09-26,1522,2278,2895
2014-09-27,6,10,12
2014-09-29,1817,2710,3431
2014-09-30,1514,2278,2877
2015-01-10,9,13,14
2015-01-12,1677,2210,2637
2015-01-13,1720,2114,2436
2015-01-14,991,1179,1325
2015-01-15,2958,3465,3806
2015-01-16,4207,4654,4957
2015-01-17,6,15,23
2015-01-09,1412,2007,2436
2015-01-08,1344,1952,2407
2015-01-07,1264,1858,2364
2015-01-06,1014,1576,2044
2015-01-05,1167,1783,2294
2015-01-03,16,27,35
2015-01-02,636,1056,1383
2015-01-01,381,617,809
2014-10-28,1765,2740,3471
2014-10-29,1587,2468,3143
2014-10-27,1600,2551,3229
2014-10-24,1606,2437,3064
2014-10-25,6,12,18
2014-10-22,2084,3072,3802
2014-10-23,1641,2525,3226
2014-10-20,2169,3205,3957
2014-10-21,1697,2607,3319
2014-10-31,1229,1970,2574
2014-10-30,1500,2393,3040
2014-10-01,251,420,566
2014-10-02,247,404,540
2014-10-03,193,317,433
2014-10-04,10,17,23
2014-10-06,399,668,888
2014-10-07,575,937,1295
2014-10-08,1882,2773,3458
2014-10-09,2001,2951,3677
2014-10-17,1753,2639,3313
2014-10-16,1981,2979,3777
2014-10-15,2160,3129,3885
2014-10-14,1907,2906,3659
2014-10-13,1816,2740,3458
2014-10-11,5,7,9
2014-10-10,1697,2558,3219
2014-10-18,6,10,16
