date,temperature,rain,mo1,mo2,mo3,activity
2014-09-15,28,0,1130,1710,2209,0
2014-09-16,28,0,1028,1625,2154,0
2014-09-17,28,0,1020,1659,2133,1
2014-09-18,23,1,778,1318,1745,1
2014-09-19,22,1,689,1152,1557,0
2014-09-22,26,1,872,1428,1900,0
2014-09-23,26,1,907,1505,1983,0
2014-09-24,26,1,965,1560,2084,1
2014-09-25,27,0,1103,1705,2208,0
2014-09-26,28,0,1027,1589,2055,1
2014-09-29,30,1,1253,1958,2510,0
2014-09-30,23,1,1052,1650,2131,0
2014-10-08,25,0,1272,1904,2453,0
2014-10-09,25,0,1332,2058,2682,0
2014-10-10,26,0,1164,1802,2291,0
2014-10-13,21,0,1256,1963,2541,0
2014-10-14,21,0,1300,2042,2642,0
2014-10-15,22,0,1551,2319,2913,1
2014-10-16,24,0,1341,2105,2734,1
2014-10-17,24,0,1184,1875,2420,1
2014-10-20,29,0,1437,2148,2756,1
2014-10-21,26,1,1143,1807,2383,1
2014-10-22,24,0,1381,2064,2610,1
2014-10-23,23,0,1135,1815,2345,1
2014-10-24,25,0,1087,1717,2222,1
2014-10-27,21,0,1135,1803,2328,1
2014-10-28,21,0,1216,1928,2476,0
2014-10-29,22,1,1085,1768,2321,1
2014-10-30,21,1,1057,1723,2247,1
2014-10-31,22,1,882,1388,1849,1
2014-11-03,17,0,1016,1651,2155,0
2014-11-04,18,0,651,1136,1566,1
2014-11-05,22,0,1223,1901,2444,1
2014-11-06,21,0,1034,1678,2204,1
2014-11-07,18,0,958,1503,1963,0
2014-11-10,18,0,980,1618,2115,0
2014-11-11,18,0,1105,1759,2298,0
2014-11-12,17,0,1229,1917,2439,1
2014-11-13,14,0,1011,1616,2126,0
2014-11-14,16,0,891,1404,1880,0
2014-11-17,15,0,914,1535,2035,0
2014-11-18,16,0,1037,1681,2185,0
2014-11-19,17,0,1153,1811,2328,0
2014-11-20,19,0,991,1600,2065,0
2014-11-21,21,0,1028,1509,1878,1
2014-11-24,21,1,713,1253,1689,0
2014-11-25,14,1,870,1462,1904,0
2014-11-26,17,0,1107,1753,2299,0
2014-11-27,19,0,1053,1722,2212,1
2014-11-28,17,0,899,1472,1909,0
2014-12-01,9,0,988,1564,2083,1
2014-12-02,9,0,996,1638,2173,0
2014-12-03,9,1,1120,1800,2352,1
2014-12-04,7,0,998,1591,2099,1
2014-12-05,7,0,892,1379,1826,0
2014-12-08,10,0,861,1463,1929,0
2014-12-09,12,0,949,1560,2098,0
2014-12-10,13,1,931,1489,2005,1
2014-12-11,9,0,874,1421,1874,1
2014-12-12,8,0,1088,1643,2087,0
2014-12-15,13,0,918,1482,1921,0
2014-12-16,5,0,914,1470,1956,1
2014-12-17,6,0,1031,1655,2177,0
2014-12-18,9,0,1012,1575,2109,0
2014-12-19,11,0,985,1532,1942,0
2014-12-22,8,0,1009,1620,2114,1
2014-12-23,13,0,1009,1628,2136,0
2014-12-24,12,0,982,1571,2055,1
2014-12-25,9,0,969,1498,1991,0
2014-12-26,10,0,924,1470,1911,0
2014-12-29,14,0,1035,1648,2129,0
2014-12-30,15,0,1209,1776,2294,0
2014-12-31,11,0,1498,2058,2517,1
2015-01-05,21,0,933,1406,1813,0
2015-01-06,9,1,869,1290,1723,0
2015-01-07,7,0,1091,1552,1947,0
2015-01-08,9,0,1140,1595,1967,0
2015-01-09,12,0,1321,1761,2111,0
2015-01-12,10,0,1560,2017,2365,0
2015-01-13,10,1,1736,2059,2321,0