38,18,429,83,121,145,1
63,29,556,112,149,176,1
32,22,1200,190,259,298,1
11,53,644,107,165,188,1
63,32,674,143,197,238,1
11,28,480,120,172,204,1
38,50,342,62,103,124,1
3,44,1418,306,415,477,1
63,3,688,110,174,198,1
39,25,851,154,210,250,1
39,24,731,137,202,257,1
39,27,1179,202,307,361,1
44,21,91,25,35,38,1
71,37,681,96,139,167,1
63,19,596,142,203,238,1
11,72,748,270,327,349,1
11,19,539,135,182,212,1
11,2,757,107,164,205,1
38,58,321,46,72,93,1
58,31,242,41,53,65,1
11,23,0,0,0,0,1
63,17,866,237,315,364,1
11,22,387,80,121,141,1
11,48,335,59,93,120,1
11,61,267,45,70,85,1
39,7,1002,161,223,282,1
63,52,787,142,208,258,1
23,67,8,2,3,3,1
11,20,320,87,119,138,1
10,52,352,69,111,125,1
39,65,716,106,175,213,1
59,22,132,44,57,69,1
63,57,757,138,206,259,1
11,9,306,57,78,101,1
38,19,901,209,299,368,1
63,33,617,115,173,209,1
