2014-12-08,10,0,861,1463,1929
2014-12-09,12,0,949,1560,2098
2014-12-02,9,0,996,1638,2173
2014-12-03,9,1,1120,1800,2352
2014-12-01,9,0,988,1564,2083
2014-12-06,10,0,7,13,15
2014-12-04,7,0,998,1591,2099
2014-12-05,7,0,892,1379,1826
2014-12-19,11,0,985,1532,1942
2014-12-18,9,0,1012,1575,2109
2014-12-11,9,0,874,1421,1874
2014-12-10,13,1,931,1489,2005
2014-12-13,7,0,2,9,15
2014-12-12,8,0,1088,1643,2087
2014-12-15,13,0,918,1482,1921
2014-12-17,6,0,1031,1655,2177
2014-12-16,5,0,914,1470,1956
2014-12-29,14,0,1035,1648,2129
2014-12-24,12,0,982,1571,2055
2014-12-25,9,0,969,1498,1991
2014-12-26,10,0,924,1470,1911
2014-12-27,11,0,4,10,15
2014-12-20,9,0,4,9,14
2014-12-22,8,0,1009,1620,2114
2014-12-23,13,0,1009,1628,2136
2014-12-31,11,0,1498,2058,2517
2014-12-30,15,0,1209,1776,2294
2014-11-21,21,0,1028,1509,1878
2014-11-20,19,0,991,1600,2065
2014-11-22,21,1,5,10,16
2014-11-25,14,1,870,1462,1904
2014-11-24,21,1,713,1253,1689
2014-11-27,19,0,1053,1722,2212
2014-11-26,17,0,1107,1753,2299
2014-11-29,16,1,5,9,15
2014-11-28,17,0,899,1472,1909
2014-11-14,16,0,891,1404,1880
2014-11-15,17,0,6,11,18
2014-11-17,15,0,914,1535,2035
2014-11-10,18,0,980,1618,2115
2014-11-11,18,0,1105,1759,2298
2014-11-12,17,0,1229,1917,2439
2014-11-13,14,0,1011,1616,2126
2014-11-18,16,0,1037,1681,2185
2014-11-19,17,0,1153,1811,2328
2014-11-08,15,1,4,9,12
2014-11-03,17,0,1016,1651,2155
2014-11-01,22,1,9,15,17
2014-11-07,18,0,958,1503,1963
2014-11-06,21,0,1034,1678,2204
2014-11-05,22,0,1223,1901,2444
2014-11-04,18,0,651,1136,1566
2014-10-28,21,0,1216,1928,2476
2014-10-29,22,1,1085,1768,2321
2014-10-27,21,0,1135,1803,2328
2014-10-24,25,0,1087,1717,2222
2014-10-25,25,0,2,7,15
2014-10-22,24,0,1381,2064,2610
2014-10-23,23,0,1135,1815,2345
2014-10-20,29,0,1437,2148,2756
2014-10-21,26,1,1143,1807,2383
2014-10-31,22,1,882,1388,1849
2014-10-30,21,1,1057,1723,2247
2014-10-01,24,0,208,344,454
2014-10-02,27,0,205,334,448
2014-10-03,25,0,147,257,336
2014-10-04,26,0,9,15,16
2014-10-06,24,0,215,359,488
2014-10-07,23,0,312,522,707
2014-10-08,25,0,1272,1904,2453
2014-10-09,25,0,1332,2058,2682
2014-10-17,24,0,1184,1875,2420
2014-10-16,24,0,1341,2105,2734
2014-10-15,22,0,1551,2319,2913
2014-10-14,21,0,1300,2042,2642
2014-10-13,21,0,1256,1963,2541
2014-10-11,26,0,6,10,12
2014-10-10,26,0,1164,1802,2291
2014-10-18,25,0,10,16,21
2014-09-19,22,1,689,1152,1557
2014-09-18,23,1,778,1318,1745
2014-09-15,28,0,1130,1710,2209
2014-09-17,28,0,1020,1659,2133
2014-09-16,28,0,1028,1625,2154
2014-09-13,27,1,64,90,110
2014-09-20,26,0,5,13,18
2014-09-22,26,1,872,1428,1900
2014-09-23,26,1,907,1505,1983
2014-09-24,26,1,965,1560,2084
2014-09-25,27,0,1103,1705,2208
2014-09-26,28,0,1027,1589,2055
2014-09-27,28,0,7,14,17
2014-09-29,30,1,1253,1958,2510
2014-09-30,23,1,1052,1650,2131
2015-01-10,14,0,7,15,17
2015-01-12,10,0,1560,2017,2365
2015-01-13,10,1,1736,2059,2321
2015-01-14,10,1,718,855,966
2015-01-15,12,0,2625,3077,3399
2015-01-16,12,0,3888,4241,4508
2015-01-17,7,0,6,10,18
2015-01-09,12,0,1321,1761,2111
2015-01-08,9,0,1140,1595,1967
2015-01-07,7,0,1091,1552,1947
2015-01-06,9,1,869,1290,1723
2015-01-05,21,0,933,1406,1813
2015-01-03,13,0,12,22,27
2015-01-02,9,0,362,579,733
2015-01-01,5,0,351,543,720
