2014-10-17,24,0,581,881,1098,1
2014-10-17,24,0,581,881,1098,1
2014-10-17,24,0,581,881,1098,1
2014-10-16,24,0,597,931,1177,1
2014-10-15,22,0,702,1019,1241,1
2014-10-14,21,0,594,910,1137,0
2014-10-13,21,0,574,871,1080,0
2014-10-11,26,0,1,2,2,0
2014-10-10,26,0,598,891,1072,0
2014-10-18,25,0,3,4,5,0
2014-10-01,24,0,97,164,212,0
2014-10-02,27,0,109,176,220,0
2014-10-03,25,0,63,110,160,0
2014-10-04,26,0,6,8,8,0
2014-10-06,24,0,108,173,229,0
2014-10-07,23,0,153,250,341,0
2014-10-08,25,0,623,891,1112,0
2014-10-09,25,0,598,914,1157,0
2014-10-31,22,1,437,649,834,1
2014-10-30,21,1,469,765,989,1
2014-10-28,21,0,541,802,1010,0
2014-10-29,22,1,490,792,1009,1
2014-10-27,21,0,568,850,1044,1
2014-10-24,25,0,520,816,1023,1
2014-10-25,25,0,1,2,2,0
2014-10-22,24,0,678,963,1152,1
2014-10-22,24,0,678,963,1152,1
2014-10-22,24,0,678,963,1152,1
2014-10-23,23,0,548,838,1021,1
2014-10-20,29,0,659,972,1187,1
2014-10-21,26,1,505,787,1008,1
2014-12-31,11,0,608,824,972,1
2014-12-30,15,0,389,625,794,0
2014-12-29,14,0,370,611,783,0
2014-12-24,12,0,405,623,783,1
2014-12-25,9,0,391,593,748,0
2014-12-26,10,0,371,582,732,0
2014-12-27,11,0,1,2,2,0
2014-12-20,9,0,0,1,1,0
2014-12-22,8,0,384,636,797,1
2014-12-23,13,0,366,579,734,0
2014-12-19,11,0,420,638,792,0
2014-12-18,9,0,448,685,850,0
2014-12-11,9,0,402,632,827,1
2014-12-10,13,1,416,667,876,1
2014-12-13,7,0,1,2,2,0
2014-12-12,8,0,529,784,968,0
2014-12-15,13,0,416,658,820,0
2014-12-17,6,0,390,663,864,0
2014-12-16,5,0,382,582,763,1
2014-09-30,23,1,486,726,916,0
2014-12-08,10,0,408,672,849,0
2014-12-09,12,0,418,665,855,0
2014-09-20,26,0,0,0,0,0
2014-12-02,9,0,441,716,917,0
2014-12-03,9,1,529,815,1034,1
2014-12-03,9,1,529,815,1034,1
2014-09-22,26,1,376,605,767,0
2014-12-01,9,0,483,740,928,1
2014-09-23,26,1,368,599,764,0
2014-09-24,26,1,457,671,860,1
2014-12-06,10,0,1,3,4,0
2014-09-25,27,0,505,758,921,0
2014-12-04,7,0,462,726,912,1
2014-09-26,28,0,506,741,912,1
2014-12-05,7,0,453,664,841,0
2014-09-27,28,0,3,4,5,0
2014-09-29,30,1,593,878,1078,0
2014-09-19,22,1,280,460,595,0
2014-09-18,23,1,326,541,680,1
2014-09-15,28,0,461,682,847,0
2014-09-17,28,0,416,661,820,1
2014-09-16,28,0,425,650,822,0
2014-09-13,27,1,43,56,69,0
2015-01-09,12,0,365,538,660,0
2015-01-08,9,0,306,480,613,0
2015-01-07,7,0,314,478,607,0
2015-01-06,9,1,268,419,556,0
2015-01-05,21,0,296,485,633,0
2015-01-03,13,0,4,9,10,0
2015-01-02,9,0,148,250,315,0
2015-01-01,5,0,141,223,286,0
2015-01-10,14,0,2,5,7,0
2015-01-12,10,0,352,513,644,0
2015-01-13,10,1,399,514,604,0
2015-01-14,10,1,142,203,233,0
2015-01-15,12,0,600,786,906,0
2015-01-16,12,0,986,1125,1219,0
2015-01-17,7,0,2,4,5,0
2014-11-08,15,1,0,2,3,0
2014-11-03,17,0,503,777,962,0
2014-11-14,16,0,435,649,832,0
2014-11-01,22,1,3,4,4,0
2014-11-15,17,0,2,2,2,0
2014-11-07,18,0,477,725,904,0
2014-11-17,15,0,453,734,925,0
2014-11-06,21,0,487,769,981,1
2014-11-10,18,0,477,767,966,0
2014-11-05,22,0,559,861,1062,1
2014-11-11,18,0,503,757,947,0
2014-11-04,18,0,297,490,650,1
2014-11-12,17,0,564,854,1058,1
2014-11-13,14,0,492,767,977,0
2014-11-18,16,0,434,715,901,0
2014-11-19,17,0,524,826,1046,0
2014-11-21,21,0,470,665,815,1
2014-11-20,19,0,497,774,956,0
2014-11-22,21,1,0,1,3,0
2014-11-25,14,1,371,640,837,0
2014-11-24,21,1,334,581,749,0
2014-11-27,19,0,510,815,1020,1
2014-11-26,17,0,504,782,993,0
2014-11-29,16,1,1,1,3,0
2014-11-28,17,0,411,680,854,0
