2|0|744
2|0|757
2|0|896
2|0|1015
2|0|1020
2|0|3
2|0|913
2|0|1127
2|0|1099
2|0|1058
2|0|1026
2|0|3
2|0|1145
2|0|768
2|0|796
2|0|852
2|0|980
2|0|848
2|0|3
2|0|866
2|0|844
2|0|1061
2|0|818
2|0|861
2|0|788
2|0|876
2|0|6
2|0|1018
2|0|748
2|0|885
2|0|712
2|0|804
2|0|784
2|0|806
2|0|727
2|0|5
2|0|3
2|0|836
2|0|743
2|0|841
2|0|857
2|0|1089
2|0|1076
2|0|1019
2|0|1185
2|0|4
2|0|1457
2|0|1013
2|0|1596
2|0|1021
2|0|3
2|0|549
2|0|560
2|0|604
2|0|1495
2|0|6331
2|0|6
2|0|962
2|0|932
2|0|646
2|0|576
2|0|590
2|0|509
2|0|511
2|0|13
2|0|579
2|0|112
2|0|283
2|0|349
2|0|1201
2|0|1140
2|0|1137
2|0|1209
2|0|1303
2|0|1135
2|0|1084
2|0|1
2|0|1027
2|0|1
2|0|806
2|0|908
2|0|7
2|0|734
2|0|747
2|0|1009
2|0|1012
2|0|9
2|0|858
2|0|842
2|0|4
2|0|826
2|0|903
2|0|906
2|0|1100
2|0|894
2|0|934
2|0|1023
2|0|5
2|0|883
2|0|2
2|0|874
2|0|918
2|0|1129
2|0|1067
