0|0|649|166|64|68|0
0|1|1693|421|132|183|0
0|2|29|9|3|3|0
0|3|495|200|73|74|0
0|5|186|50|15|24|0
0|6|150|67|13|32|0
0|7|62|20|5|7|0
0|8|87|31|16|9|0
0|10|142|50|17|23|0
0|11|14|2|0|1|0
0|12|152|64|16|35|0
0|13|308|84|50|18|0
0|14|375|106|58|34|0
0|15|66|28|10|14|0
0|17|103|31|7|13|0
0|19|15|8|2|4|0
0|20|26|4|3|1|0
0|21|312|37|13|16|0
0|22|51|17|3|8|0
0|23|156|73|17|36|0
0|24|83|47|16|23|0
0|26|555|150|49|66|0
1|0|1133|325|109|130|0
1|1|1475|427|144|169|0
1|2|26|11|2|6|0
1|3|402|182|56|71|0
1|5|119|12|3|6|0
1|6|163|81|20|34|0
1|7|68|24|9|10|0
1|8|64|22|7|8|0
1|10|155|62|20|26|0
1|11|14|5|1|1|1
1|12|143|63|22|26|0
1|13|319|79|35|31|0
1|14|425|67|24|23|0
1|15|59|18|5|9|0
1|17|113|44|13|22|0
1|19|2|2|1|1|0
1|20|26|6|3|3|0
1|21|296|53|21|18|0
1|22|26|17|5|8|0
1|23|160|78|16|30|0
1|24|87|43|14|14|0
1|26|476|212|51|96|0
2|0|692|206|66|95|0
2|1|980|346|85|146|0
2|2|23|8|1|6|0
2|3|504|200|57|79|1
2|5|190|47|19|16|0
2|6|226|108|28|44|1
2|7|72|22|3|14|0
2|8|93|42|12|22|0
2|10|161|54|21|16|0
2|11|12|6|3|2|0
2|12|168|70|24|33|0
2|13|394|117|36|35|0
2|14|571|126|51|44|0
2|15|74|29|10|10|0
2|17|124|33|9|19|0
2|19|17|4|1|0|0
2|20|27|6|2|1|0
2|21|341|86|38|26|0
2|22|868|333|71|138|0
2|23|110|67|17|28|0
2|24|217|96|25|44|1
2|26|350|119|39|46|0
3|0|854|182|70|72|0
3|1|1833|388|139|146|1
3|2|5|2|1|1|0
3|3|629|232|82|92|1
3|5|104|10|2|6|0
3|6|180|81|14|38|0
3|7|30|5|3|2|0
3|8|81|24|7|8|0
3|10|151|51|15|20|0
3|11|14|2|0|1|0
3|12|152|55|22|21|0
3|13|243|44|24|14|0
3|14|427|91|34|33|0
3|15|66|24|7|11|0
3|17|77|24|4|11|1
3|20|26|5|1|3|0
3|21|344|62|24|21|0
3|22|36|10|3|5|0
3|23|189|80|18|40|0
3|24|222|69|23|29|0
3|26|386|99|39|29|0
4|0|641|178|69|57|0
4|1|1452|366|107|170|0
4|2|10|7|1|1|0
4|3|464|161|38|69|0
4|5|124|25|9|11|0
4|6|185|68|22|24|0
4|7|65|25|4|13|0
4|8|57|15|5|5|0
4|10|150|51|15|23|0
4|11|20|6|2|3|0
4|12|139|44|18|16|1
4|13|235|42|24|7|0
4|14|416|58|31|16|0
4|15|46|14|4|7|0
4|17|104|34|13|13|0
4|19|23|5|3|1|1
4|20|30|3|2|1|0
4|21|278|59|27|22|0
4|22|229|90|28|38|0
4|23|241|95|20|45|0
4|24|90|37|11|14|1
4|26|251|90|21|42|0
0|0|831|251|94|105|0
0|1|2041|543|180|238|1
0|2|22|3|0|2|0
0|3|612|236|85|101|0
0|5|154|37|11|18|0
0|6|210|101|20|44|0
0|7|71|22|10|6|0
0|8|78|25|12|10|0
0|10|202|88|22|40|0
0|11|14|5|1|1|0
0|12|171|71|18|28|0
0|13|234|51|24|20|0
0|14|443|108|47|49|0
0|15|47|21|3|10|0
0|17|116|47|6|30|1
0|19|6|2|1|1|0
0|20|23|5|4|0|0
0|21|312|42|14|18|0
0|22|23|9|2|6|0
0|23|185|97|16|50|0
0|24|179|73|17|33|1
0|26|645|196|67|93|0
1|0|1181|352|116|146|0
1|1|2016|574|205|233|0
1|2|16|5|2|3|0
1|3|539|222|58|113|0
1|5|106|40|18|11|0
1|6|183|89|20|36|0
1|7|63|20|8|9|0
1|8|87|34|8|16|0
1|10|205|87|40|31|0
1|11|9|3|1|2|0
1|12|227|118|33|43|0
1|13|205|53|21|21|0
1|14|390|98|36|36|0
1|15|53|21|6|8|0
1|17|104|48|22|12|0
1|20|20|5|2|2|0
1|21|314|77|33|24|0
1|22|30|14|8|3|0
1|23|230|115|25|53|0
1|24|78|34|10|15|0
1|26|787|329|106|141|0
2|0|830|273|89|111|0
2|1|1416|513|144|224|1
2|2|35|12|3|6|0
2|3|744|292|65|120|1
2|5|193|70|22|24|1
2|6|252|127|27|49|0
2|7|79|25|7|12|0
2|8|67|26|8|9|0
2|10|270|98|25|43|0
2|11|11|3|0|2|0
2|12|215|78|22|29|0
2|13|248|74|27|30|0
2|14|546|138|54|52|0
2|15|52|21|6|10|1
2|17|146|59|13|24|0
2|19|6|3|1|2|1
2|20|31|13|6|4|0
2|21|291|53|24|17|0
2|22|111|48|14|23|0
2|23|159|80|16|32|0
2|24|221|96|28|39|1
2|26|978|326|116|119|1
3|0|929|254|91|98|1
3|1|1858|512|162|232|1
3|2|18|5|3|2|0
3|3|586|248|71|100|0
3|5|96|20|7|10|0
3|6|207|82|20|35|0
3|7|54|21|5|6|0
3|8|76|29|13|11|0
3|10|190|75|28|32|0
3|11|17|4|0|2|0
3|12|291|153|57|65|0
3|13|227|63|34|24|0
3|14|436|125|62|39|0
3|15|58|21|9|8|0
3|17|122|53|17|20|0
3|19|13|4|3|0|0
3|20|21|4|1|2|0
3|21|319|63|21|31|0
3|22|50|19|7|9|0
3|23|248|127|28|59|0
3|24|143|60|13|26|0
3|26|863|301|89|148|0
4|0|858|226|72|83|0
4|1|1762|488|164|183|0
4|2|28|11|2|8|1
4|3|640|295|90|113|0
4|5|105|18|5|10|1
4|6|175|81|13|38|1
4|7|67|28|8|7|0
4|8|71|26|6|12|0
4|10|207|77|22|33|1
4|11|24|7|0|4|0
4|12|321|133|37|60|0
4|13|231|54|23|23|0
4|14|465|127|49|56|0
4|15|70|28|10|12|0
4|16|4|2|0|1|0
4|17|133|47|17|17|0
4|19|3|3|1|2|0
4|20|27|8|5|3|0
4|21|316|80|34|31|0
4|22|250|96|26|41|1
4|23|272|123|26|52|0
4|24|180|67|27|21|0
4|26|537|208|59|93|0
0|0|811|245|91|87|0
0|1|2015|579|211|226|0
0|2|47|18|6|7|1
0|3|356|154|55|67|0
0|5|157|46|13|19|0
0|6|159|73|19|34|0
0|7|42|13|4|2|0
0|8|63|21|9|7|0
0|10|196|78|28|29|0
0|11|13|1|0|1|0
0|12|127|47|17|16|0
0|13|219|45|17|24|0
0|14|382|83|31|27|0
0|15|41|21|6|8|0
0|16|6|2|1|1|0
0|17|145|48|13|21|0
0|19|12|8|1|6|1
0|20|23|5|2|1|0
0|21|294|58|32|15|0
0|22|750|359|89|148|0
0|23|170|93|14|41|0
0|24|214|82|21|37|0
0|26|594|196|58|85|0
1|0|1093|292|107|105|0
1|1|1735|540|183|230|0
1|2|14|7|4|2|0
1|3|405|148|33|69|0
1|5|87|25|10|11|0
1|6|107|55|13|25|0
1|7|44|8|5|1|0
1|8|56|16|4|7|0
1|10|205|95|36|43|0
1|11|14|11|4|4|0
1|12|243|108|25|47|0
1|13|165|43|22|15|0
1|14|302|85|40|28|0
1|15|32|12|2|5|0
1|17|83|33|7|16|0
1|20|15|6|3|1|0
1|21|257|75|24|27|0
1|22|201|72|25|34|1
1|23|162|77|16|41|0
1|24|31|15|4|5|1
1|26|715|299|85|148|0
0|0|105|24|10|11|0
0|1|26|9|3|3|0
0|3|221|33|13|11|0
0|5|43|4|2|0|0
0|6|190|52|21|18|0
0|8|28|5|2|2|0
0|10|137|34|14|10|0
0|11|3|1|0|1|0
0|12|127|29|14|8|0
0|13|115|15|9|1|0
0|14|175|21|12|3|0
0|15|19|3|1|2|0
0|17|51|6|4|1|0
0|20|15|4|2|0|0
0|21|99|14|3|3|0
0|22|50|12|5|6|0
0|23|52|4|1|1|0
0|24|16|2|0|1|0
0|26|94|20|12|6|0
1|0|146|25|8|11|0
1|1|120|28|13|8|1
1|2|17|1|0|1|0
1|3|313|61|24|24|0
1|5|52|7|4|1|0
1|6|256|53|22|17|0
1|8|26|6|1|3|0
1|10|169|29|8|12|0
1|12|117|21|8|10|0
1|13|133|18|9|1|0
1|14|185|18|7|3|0
1|15|27|5|1|2|0
1|17|67|19|12|7|0
1|19|1|1|0|1|0
1|20|17|5|2|0|0
1|21|123|9|2|0|0
1|22|60|14|1|6|0
1|23|82|15|5|7|0
1|24|72|14|2|7|1
1|26|108|30|9|16|0
2|0|829|244|85|95|0
2|1|1214|386|123|157|1
2|2|69|28|9|9|1
2|3|555|244|68|105|1
2|5|167|50|13|19|0
2|6|208|104|21|41|1
2|7|73|20|4|8|0
2|8|63|22|7|10|0
2|10|212|94|30|44|0
2|11|19|7|2|3|0
2|12|199|101|32|33|0
2|13|256|52|21|17|0
2|14|473|127|53|36|0
2|15|64|22|8|8|0
2|16|11|5|2|2|1
2|17|164|68|22|28|0
2|19|12|7|5|2|0
2|20|26|6|4|0|0
2|21|287|69|36|16|0
2|22|54|25|7|14|0
2|23|215|129|28|48|0
2|24|148|70|17|35|0
2|26|840|291|99|121|0
3|0|930|280|107|101|0
3|1|1778|499|179|212|0
3|2|24|11|1|6|0
3|3|706|315|113|127|0
3|5|112|28|15|8|0
3|6|199|90|24|36|0
3|7|43|11|4|1|0
3|8|62|26|5|13|0
3|10|195|76|33|28|0
3|11|11|4|2|2|0
3|12|212|94|19|42|0
3|13|241|61|24|32|0
3|14|652|224|90|80|0
3|15|54|20|4|11|0
3|16|16|9|3|2|0
3|17|106|37|10|21|0
3|20|27|10|4|4|0
3|21|315|87|44|31|0
3|22|214|78|13|35|0
3|23|214|118|27|41|0
3|24|83|42|13|15|0
3|26|755|268|85|127|0
4|0|899|239|78|102|0
4|1|1809|477|176|187|1
4|2|28|11|1|8|0
4|3|592|250|75|109|0
4|5|114|25|11|7|0
4|6|242|99|23|45|1
4|7|54|20|3|10|0
4|8|87|38|11|17|0
4|10|193|70|17|32|0
4|12|233|106|24|52|0
4|13|230|79|33|33|0
4|14|458|119|49|49|0
4|15|67|29|9|9|0
4|16|19|14|3|7|0
4|17|140|53|16|24|0
4|19|10|4|3|0|0
4|20|25|7|3|2|0
4|21|315|66|29|21|0
4|22|89|50|15|25|0
4|23|243|123|20|62|0
4|24|107|43|15|15|0
4|26|490|179|56|80|0
0|0|857|247|88|94|0
0|1|2009|531|184|221|0
0|2|12|5|1|1|0
0|3|515|232|84|104|0
0|5|105|16|4|8|0
0|6|191|101|26|47|0
0|7|63|16|5|8|0
0|8|74|22|9|11|0
0|10|181|72|23|33|0
0|11|15|3|2|1|0
0|12|290|144|22|69|0
0|13|237|55|27|20|0
0|14|435|121|56|43|0
0|15|66|28|7|13|0
0|16|25|13|6|5|0
0|17|119|56|14|27|1
0|19|5|3|1|2|0
0|20|31|6|3|2|0
0|21|301|57|26|18|0
0|22|460|181|45|83|0
0|23|124|73|13|35|0
0|24|103|41|8|17|0
0|26|614|195|56|93|0
1|0|1169|306|105|111|0
1|1|1878|507|193|193|0
1|2|53|26|8|10|0
1|3|504|224|78|92|0
1|5|116|19|6|11|0
1|6|154|76|29|23|0
1|7|45|11|4|5|0
1|8|83|31|9|16|0
1|10|163|67|22|27|0
1|11|20|4|2|2|0
1|12|280|139|30|53|0
1|13|223|78|42|23|0
1|14|456|133|59|49|0
1|15|62|18|1|9|0
1|16|26|10|3|6|0
1|17|129|51|13|26|1
1|19|7|3|2|1|0
1|20|32|14|3|9|0
1|21|308|68|25|29|0
1|22|320|153|29|60|0
1|23|163|80|13|46|0
1|24|98|53|14|22|1
1|26|777|292|89|136|0
2|0|991|338|120|138|0
2|1|1550|553|192|239|0
2|2|28|7|2|3|0
2|3|745|341|90|177|1
2|5|142|39|17|15|0
2|6|203|98|22|44|0
2|7|49|17|5|7|0
2|8|77|27|10|14|0
2|10|206|80|30|30|0
2|11|30|9|3|5|0
2|12|268|124|25|58|0
2|13|283|109|46|44|0
2|14|555|184|70|77|0
2|15|83|35|10|18|0
2|16|27|20|8|7|0
2|17|179|74|20|34|1
2|19|20|5|2|2|0
2|20|26|13|7|3|0
2|21|308|71|31|25|0
2|22|189|90|22|43|0
2|23|185|109|20|49|0
2|24|214|120|27|53|1
2|26|709|228|73|93|0
3|0|873|254|99|83|0
3|1|1787|514|176|209|0
3|2|29|14|3|10|0
3|3|531|246|66|109|1
3|5|99|22|6|9|0
3|6|147|82|12|37|0
3|7|32|10|0|7|0
3|8|53|24|5|6|0
3|10|180|73|24|27|0
3|11|17|4|1|3|0
3|12|531|235|50|106|1
3|13|244|63|37|15|0
3|14|439|123|41|56|0
3|15|58|22|7|8|0
3|16|15|6|1|2|0
3|17|151|76|18|33|0
3|19|14|4|1|3|0
3|20|23|5|2|1|0
3|21|379|101|45|41|0
3|22|372|132|41|50|0
3|23|186|101|23|34|0
3|24|217|82|18|37|1
3|26|771|250|69|111|0
4|0|858|276|96|104|0
4|1|1768|485|167|214|0
4|2|13|4|1|2|0
4|3|536|238|66|109|1
4|5|119|30|11|11|0
4|6|165|69|16|31|0
4|7|31|12|2|6|0
4|8|72|24|9|7|0
4|10|215|91|30|36|0
4|11|16|3|2|1|0
4|12|1007|441|101|221|1
4|13|213|46|22|15|0
4|14|433|108|51|38|0
4|15|90|40|7|20|0
4|16|43|23|9|10|0
4|17|112|51|13|24|0
4|20|26|7|1|3|0
4|21|308|75|39|25|0
4|22|443|186|53|85|1
4|23|215|98|23|48|0
4|24|131|55|11|33|0
4|26|462|187|62|84|0
0|0|858|303|124|110|0
0|1|2163|764|263|296|0
0|2|47|17|3|5|1
0|3|487|247|68|109|0
0|5|120|41|11|16|0
0|6|189|95|20|49|0
0|7|60|27|10|12|0
0|8|94|31|16|10|1
0|10|158|64|23|29|0
0|11|6|2|0|1|0
0|12|235|114|21|50|0
0|13|242|59|23|30|0
0|14|462|136|50|46|0
0|15|66|33|9|15|0
0|16|134|73|30|30|0
0|17|103|43|12|15|0
0|19|2|1|0|1|1
0|20|29|13|5|4|0
0|21|348|95|45|31|0
0|22|352|170|52|83|1
0|23|175|113|27|48|0
0|24|122|66|13|32|0
0|26|648|223|71|98|0
1|0|1163|300|116|110|0
1|1|2084|571|213|219|0
1|2|92|40|16|18|1
1|3|471|196|69|79|1
1|5|108|33|15|13|0
1|6|244|102|27|49|1
1|7|45|13|3|7|0
1|8|101|40|15|12|0
1|10|167|50|20|16|0
1|11|36|16|4|5|0
1|12|262|106|22|52|0
1|13|209|48|26|12|0
1|14|469|128|45|54|0
1|15|57|24|3|15|0
1|16|124|54|18|25|0
1|17|93|44|12|22|0
1|19|9|5|2|3|0
1|20|27|8|3|4|0
1|21|321|91|36|37|0
1|22|159|66|21|33|1
1|23|152|69|15|35|0
1|24|115|42|18|13|0
1|26|810|284|78|136|0
2|0|752|255|89|110|0
2|1|1442|482|152|216|1
2|2|33|11|4|4|1
2|3|466|214|60|96|0
2|5|109|24|9|12|0
2|6|211|108|17|57|1
2|7|69|22|4|4|0
2|8|84|44|11|16|0
2|10|212|85|32|31|0
2|11|21|5|0|3|0
2|12|223|109|24|51|0
2|13|243|66|29|27|0
2|14|710|219|77|90|1
2|15|68|32|6|13|0
2|16|160|67|19|28|0
2|17|125|53|13|27|1
2|19|38|19|2|13|0
2|20|33|11|4|3|0
2|21|364|102|45|34|0
2|22|292|142|25|71|1
2|23|171|94|12|39|0
2|24|167|89|24|30|0
2|26|1220|473|133|219|0
3|0|914|255|97|111|0
3|1|1765|438|152|194|0
3|2|71|30|12|7|0
3|3|394|154|34|76|1
3|5|112|29|11|14|0
3|6|186|80|22|37|1
3|7|30|1|0|1|0
3|8|66|21|7|10|0
3|10|206|77|30|31|0
3|11|16|3|1|1|0
3|12|285|104|27|52|0
3|13|211|45|20|16|0
3|14|397|107|43|38|0
3|15|47|19|0|13|0
3|16|147|55|22|25|0
3|17|126|53|13|31|0
3|20|29|10|3|5|0
3|21|364|71|27|28|0
3|22|522|163|56|76|1
3|23|155|76|13|46|0
3|24|135|52|16|19|0
3|26|732|215|65|108|0
4|0|821|234|86|100|0
4|1|1753|519|164|226|1
4|2|36|20|5|10|0
4|3|430|179|51|78|0
4|5|116|31|12|10|0
4|6|213|109|22|50|1
4|7|33|15|5|6|0
4|8|92|35|11|15|0
4|10|174|73|22|30|0
4|11|14|4|0|3|0
4|12|288|130|41|51|0
4|13|210|71|34|21|0
4|14|453|119|49|49|0
4|15|79|33|9|13|0
4|16|232|93|24|42|0
4|17|135|56|14|25|0
4|19|3|2|1|1|0
4|20|23|4|1|2|0
4|21|337|96|36|45|0
4|22|319|149|36|62|0
4|23|196|88|14|43|0
4|24|128|51|13|24|0
4|26|802|339|97|156|1
0|0|775|196|72|72|0
0|1|2029|515|187|200|1
0|2|20|3|1|0|0
0|3|450|187|61|82|1
0|5|110|28|11|11|0
0|6|203|95|16|47|0
0|7|39|9|4|4|0
0|8|87|28|7|10|0
0|10|200|75|32|25|0
0|11|8|4|1|1|0
0|12|194|64|13|35|0
0|13|215|41|15|21|0
0|14|408|98|45|33|0
0|15|71|28|6|14|0
0|16|102|45|12|17|0
0|17|133|49|14|22|0
0|20|30|4|1|0|0
0|21|312|72|38|25|0
0|22|48|20|6|5|0
0|23|190|96|23|41|0
0|24|156|64|22|30|0
0|26|891|300|101|136|1
1|0|1137|298|116|108|0
1|1|1917|537|177|233|0
1|2|61|30|9|13|0
1|3|497|212|64|98|1
1|5|100|17|6|8|0
1|6|181|84|18|39|0
1|7|48|3|1|0|1
1|8|91|33|7|18|0
1|10|147|60|21|18|0
1|11|18|5|1|3|0
1|12|239|94|20|39|0
1|13|229|49|18|20|0
1|14|392|107|52|38|0
1|15|64|27|7|11|0
1|16|120|57|23|24|0
1|17|116|50|7|25|1
1|19|8|4|1|2|0
1|20|26|13|4|7|0
1|21|338|97|34|41|0
1|22|208|78|14|41|0
1|23|160|72|16|35|0
1|24|145|52|19|17|1
1|26|741|276|74|144|0
2|0|754|206|75|79|0
2|1|1375|396|141|159|0
2|2|22|5|3|2|0
2|3|577|198|65|93|1
2|5|137|41|15|15|0
2|6|223|103|27|46|0
2|7|195|71|17|37|0
2|8|145|60|20|23|0
2|10|176|70|27|28|0
2|11|14|8|1|6|0
2|12|207|79|19|41|0
2|13|244|72|29|27|0
2|14|464|107|36|52|0
2|15|65|26|3|16|0
2|16|3|3|1|2|0
2|17|117|41|14|19|0
2|19|8|4|3|0|0
2|20|29|10|6|1|0
2|21|344|73|35|24|0
2|22|277|117|36|49|0
2|23|183|81|17|32|0
2|24|299|122|36|54|0
2|26|1090|383|132|157|1
3|0|851|209|73|87|0
3|1|1848|433|163|163|1
3|2|23|5|0|2|0
3|3|435|152|49|72|0
3|5|103|27|16|9|0
3|6|168|71|18|35|0
3|7|32|9|2|6|0
3|8|65|26|11|12|0
3|10|183|65|24|30|0
3|11|15|4|0|4|0
3|12|261|99|22|55|0
3|13|207|32|17|10|0
3|14|380|78|38|29|0
3|15|61|25|7|13|0
3|16|136|48|17|22|0
3|17|120|38|9|22|1
3|20|20|8|4|2|0
3|21|361|74|29|25|0
3|22|217|99|28|43|1
3|23|156|76|18|32|0
3|24|157|56|20|24|1
3|26|718|212|65|96|0
4|0|775|191|58|79|0
4|1|1794|471|170|171|0
4|2|17|7|2|5|0
4|3|478|200|54|83|1
4|5|114|23|8|9|0
4|6|163|72|18|30|1
4|7|53|17|4|6|0
4|8|80|27|6|7|0
4|10|222|72|22|27|0
4|11|11|3|0|1|1
4|12|261|97|26|40|0
4|13|208|62|18|31|0
4|14|378|100|43|36|0
4|15|55|29|7|13|0
4|16|230|84|27|38|0
4|17|112|37|11|14|0
4|20|29|9|1|4|0
4|21|313|71|38|19|0
4|22|74|33|5|19|0
4|23|218|111|23|37|0
4|24|150|56|14|24|1
4|26|487|175|59|60|0
0|0|788|202|75|78|0
0|1|1891|455|162|184|0
0|2|24|12|7|4|0
0|3|351|127|40|60|0
0|5|109|16|7|7|0
0|6|165|78|19|34|0
0|7|44|8|4|3|0
0|8|90|33|7|20|0
0|10|157|62|22|27|0
0|11|18|5|2|3|0
0|12|222|75|24|35|0
0|13|243|50|22|21|0
0|14|474|105|40|42|0
0|15|62|22|9|8|0
0|16|112|46|16|18|0
0|17|104|41|15|20|0
0|19|6|6|1|2|0
0|20|29|3|1|1|0
0|21|329|55|17|18|0
0|22|46|22|6|7|0
0|23|29|17|2|11|0
0|24|99|40|13|20|0
0|26|638|208|69|93|0
1|0|1087|257|104|101|0
1|1|1942|562|205|232|0
1|2|31|7|0|4|0
1|3|470|187|70|76|0
1|5|104|27|13|9|0
1|6|189|78|27|24|0
1|7|57|24|10|9|0
1|8|103|36|8|19|0
1|10|194|81|24|36|0
1|11|15|5|1|2|0
1|12|258|92|23|41|0
1|13|233|56|30|18|0
1|14|397|105|49|35|0
1|15|43|13|3|5|0
1|16|100|38|13|16|0
1|17|155|58|17|29|1
1|19|5|1|0|1|0
1|20|29|12|5|6|0
1|21|321|95|47|33|0
1|22|53|23|2|9|0
1|24|139|54|17|27|1
1|26|791|319|93|148|0
2|0|700|206|66|85|0
2|1|1475|438|151|196|0
2|2|67|24|6|13|0
2|3|537|214|70|91|1
2|5|117|22|11|7|0
2|6|234|112|29|50|0
2|7|63|15|5|4|0
2|8|99|39|15|13|0
2|10|207|84|34|36|0
2|11|27|5|3|2|0
2|12|220|92|24|45|0
2|13|263|77|36|19|0
2|14|600|154|54|60|0
2|15|54|22|7|9|0
2|16|147|55|19|26|0
2|17|151|57|16|25|0
2|19|8|4|3|1|0
2|20|27|10|3|5|0
2|21|327|105|40|32|0
2|22|149|60|17|32|1
2|24|234|91|25|46|1
2|26|781|295|103|125|1
3|0|875|205|76|85|1
3|1|1790|439|139|186|0
3|2|52|19|5|8|0
3|3|534|174|46|84|1
3|5|130|28|9|13|0
3|6|194|82|18|42|1
3|7|45|15|7|5|0
3|8|68|24|8|8|0
3|10|179|58|17|23|0
3|11|6|1|0|1|0
3|12|222|80|17|37|0
3|13|227|51|18|21|0
3|14|417|91|35|32|0
3|15|48|19|5|11|0
3|16|110|38|9|21|0
3|17|151|51|11|27|0
3|19|12|5|2|2|1
3|20|22|5|0|2|0
3|21|371|83|27|33|0
3|22|36|19|5|8|0
3|24|113|45|15|21|0
3|26|778|243|45|130|0
4|0|834|191|65|80|0
4|1|1709|424|151|165|0
4|2|9|5|1|1|0
4|3|424|167|46|81|0
4|5|121|30|11|12|0
4|6|205|93|27|47|0
4|7|35|10|1|4|0
4|8|77|27|12|8|1
4|10|195|68|22|35|0
4|11|16|4|1|2|0
4|12|281|106|19|48|0
4|13|207|57|28|21|0
4|14|405|84|39|32|0
4|15|54|26|6|11|0
4|16|216|72|23|30|0
4|17|143|46|10|23|0
4|20|31|12|5|3|0
4|21|293|50|24|15|0
4|22|111|41|8|20|1
4|24|77|32|6|15|0
4|26|448|151|48|58|0
0|0|782|184|85|74|0
0|1|1863|462|158|211|0
0|2|18|4|0|3|0
0|3|335|128|35|63|0
0|4|1|1|0|1|0
0|5|122|23|8|10|0
0|6|257|108|33|50|0
0|7|46|12|6|3|0
0|8|74|35|13|12|0
0|10|194|79|22|43|0
0|11|12|3|2|1|0
0|12|181|67|16|37|0
0|13|243|46|21|16|0
0|14|428|92|41|30|0
0|15|49|15|6|6|0
0|16|101|42|15|17|0
0|17|174|63|17|32|0
0|19|4|1|0|1|0
0|20|34|17|5|5|0
0|21|336|46|15|21|0
0|22|48|24|5|13|1
0|24|127|48|12|25|0
0|26|590|212|54|113|0
1|0|1093|266|119|93|0
1|1|1786|498|191|195|0
1|2|17|3|1|2|0
1|3|401|146|53|54|0
1|4|34|15|1|5|0
1|5|108|25|13|9|0
1|6|210|96|23|42|0
1|7|35|3|1|0|0
1|8|78|24|9|7|0
1|10|176|72|28|28|0
1|12|251|85|26|35|0
1|13|215|59|22|25|0
1|14|384|76|29|27|0
1|15|49|17|4|6|0
1|16|96|37|14|17|0
1|17|124|34|10|18|0
1|20|33|9|3|3|0
1|21|345|83|36|32|0
1|22|172|75|26|33|0
1|24|74|33|11|12|0
1|26|765|245|80|100|0
2|0|945|311|124|118|0
2|1|1434|439|165|176|0
2|2|34|17|6|7|0
2|3|555|204|50|98|0
2|4|85|35|8|16|0
2|5|145|26|12|7|1
2|6|255|122|31|53|0
2|7|56|14|5|6|0
2|8|107|40|13|14|0
2|10|224|95|30|50|0
2|11|8|3|1|1|0
2|12|229|77|20|32|0
2|13|419|138|52|57|1
2|14|540|166|59|60|0
2|15|46|20|6|12|0
2|16|149|53|17|23|0
2|17|126|42|7|26|0
2|19|2|2|0|2|0
2|20|28|6|1|2|0
2|21|318|60|29|21|0
2|22|86|43|11|18|0
2|24|256|110|35|57|0
2|26|752|254|90|103|0
3|0|840|190|76|84|1
3|1|1663|396|119|180|0
3|2|19|8|2|5|0
3|3|456|150|48|70|1
3|4|38|9|1|5|0
3|5|117|22|10|9|0
3|6|199|82|15|41|1
3|7|40|12|4|7|0
3|8|75|27|9|15|0
3|9|1|1|0|1|0
3|10|223|77|30|27|0
3|11|11|2|0|1|0
3|12|221|81|24|42|0
3|13|236|57|24|19|0
3|14|407|85|45|23|0
3|15|50|19|4|4|0
3|16|110|33|11|15|0
3|17|123|43|9|24|0
3|20|30|7|3|3|0
3|21|357|64|23|23|0
3|22|197|65|27|27|0
3|24|152|60|19|26|0
3|26|734|218|50|112|0
4|0|890|226|79|81|0
4|1|1606|404|136|170|0
4|2|15|1|0|1|0
4|3|599|196|62|85|0
4|4|50|27|2|18|0
4|5|117|30|10|13|0
4|6|171|70|10|33|1
4|7|32|8|2|3|0
4|8|60|27|11|9|0
4|9|2|2|2|0|0
4|10|232|89|29|35|0
4|11|11|3|1|1|0
4|12|251|95|22|39|0
4|13|216|42|17|17|0
4|14|489|126|43|47|0
4|15|54|20|9|5|0
4|16|197|78|29|27|0
4|17|128|44|15|19|0
4|19|1|1|0|1|0
4|20|26|4|0|2|0
4|21|321|78|40|28|0
4|22|106|36|8|14|0
4|24|77|25|7|14|0
4|26|420|142|48|57|0
0|0|812|166|64|54|0
0|1|1875|452|161|179|0
0|2|20|6|1|3|0
0|3|344|118|34|56|0
0|4|42|21|4|12|0
0|5|114|23|7|10|0
0|6|221|102|30|45|0
0|7|44|4|2|1|0
0|8|87|33|15|10|0
0|9|4|2|1|1|0
0|10|161|56|21|22|0
0|11|9|2|2|0|0
0|12|224|77|22|34|0
0|13|225|39|21|11|0
0|14|413|82|36|34|0
0|15|45|17|8|4|0
0|16|87|29|11|11|0
0|17|158|55|17|29|0
0|19|5|2|1|1|0
0|20|37|8|3|3|0
0|21|327|57|26|18|0
0|22|36|14|5|3|0
0|24|77|27|5|12|0
0|26|639|217|67|97|0
1|0|1137|267|102|100|0
1|1|1797|470|167|182|0
1|2|27|12|5|6|0
1|3|359|134|48|61|0
1|4|51|24|8|10|0
1|5|110|22|7|10|0
1|6|241|108|28|48|0
1|7|41|9|4|4|0
1|8|75|24|5|11|0
1|9|2|2|1|1|0
1|10|187|87|29|44|0
1|11|8|4|1|1|0
1|12|273|111|21|55|0
1|13|229|61|22|27|0
1|14|408|91|43|24|0
1|15|49|20|6|9|0
1|16|80|33|19|9|0
1|17|133|49|12|27|0
1|19|2|1|0|1|0
1|20|26|8|2|3|0
1|21|360|95|36|40|0
1|22|247|96|28|35|1
1|24|93|41|15|14|0
1|26|758|270|80|117|0
2|0|808|216|77|88|1
2|1|1676|463|154|190|1
2|2|41|18|3|9|0
2|3|493|190|55|79|0
2|4|143|62|13|33|0
2|5|128|25|11|10|0
2|6|208|97|21|44|0
2|7|56|10|1|3|0
2|8|101|34|7|16|0
2|10|162|63|25|28|0
2|11|10|3|1|0|0
2|12|271|105|26|48|0
2|13|284|97|44|38|0
2|14|407|83|39|33|0
2|15|54|17|2|10|0
2|16|135|59|19|23|0
2|17|155|60|7|34|0
2|20|25|5|0|3|0
2|21|351|85|36|30|1
2|22|277|108|36|53|1
2|24|200|76|25|25|1
2|26|732|235|69|106|0
3|0|891|204|89|72|1
3|1|1692|432|147|180|0
3|2|20|3|1|1|0
3|3|464|157|52|66|0
3|4|117|38|5|22|0
3|5|117|27|11|10|0
3|6|194|89|25|40|1
3|7|30|8|3|4|0
3|8|86|37|11|14|0
3|10|221|74|24|31|0
3|11|9|2|0|2|0
3|12|180|66|19|32|0
3|13|228|54|20|21|0
3|14|487|126|42|48|0
3|15|51|16|4|7|0
3|16|103|34|12|12|0
3|17|262|96|30|44|0
3|20|19|5|1|3|0
3|21|381|78|43|21|0
3|22|76|31|8|14|0
3|24|155|58|22|27|0
3|26|733|235|81|89|0
4|0|146|53|9|26|0
4|1|115|44|21|13|1
4|2|12|7|1|5|0
4|3|369|115|33|43|0
4|4|1127|364|93|178|1
4|5|114|23|8|9|0
4|6|222|80|22|38|1
4|8|61|12|4|5|0
4|10|291|103|31|42|0
4|11|8|3|0|3|0
4|12|503|178|75|79|0
4|13|214|48|25|17|0
4|14|421|91|38|36|0
4|15|67|14|3|8|0
4|16|144|37|14|17|1
4|17|218|85|24|37|0
4|20|27|9|3|4|0
4|21|271|75|36|25|0
4|22|343|127|25|57|0
4|24|103|43|11|16|0
4|26|172|52|20|19|0
0|0|854|189|77|62|0
0|1|1859|400|161|138|0
0|2|19|5|1|1|0
0|3|468|159|40|82|0
0|4|19|10|2|3|0
0|5|107|16|8|3|0
0|6|201|70|19|31|1
0|7|47|7|5|1|0
0|8|84|21|8|7|0
0|10|248|83|26|37|0
0|11|9|1|0|1|0
0|12|229|69|22|27|0
0|13|233|36|17|14|0
0|14|380|56|27|20|0
0|15|40|14|5|6|0
0|16|67|23|6|9|0
0|17|112|32|11|16|0
0|19|4|3|1|2|0
0|20|32|7|4|2|0
0|21|312|38|13|15|0
0|22|24|7|2|4|0
0|24|85|28|11|13|0
0|26|585|198|63|88|1
1|0|1164|239|101|85|0
1|1|1801|413|170|147|0
1|2|19|3|1|1|0
1|3|415|135|40|57|0
1|5|113|23|14|3|0
1|6|193|83|24|43|0
1|7|58|13|4|6|0
1|8|97|34|12|14|0
1|10|216|66|24|28|0
1|12|235|73|18|33|0
1|13|233|48|23|13|0
1|14|402|65|27|24|0
1|15|32|16|2|7|0
1|16|66|20|9|3|0
1|17|106|39|10|20|0
1|20|28|10|2|4|0
1|21|351|67|27|29|0
1|22|28|13|5|4|0
1|24|114|38|14|15|0
1|26|589|191|51|85|0
2|0|943|280|90|117|0
2|1|1249|346|106|157|0
2|2|47|20|4|8|0
2|3|697|274|67|127|1
2|4|29|13|1|9|0
2|5|145|22|7|11|0
2|6|236|108|21|45|0
2|7|63|27|13|7|0
2|8|110|38|10|17|0
2|10|217|99|28|44|0
2|11|19|11|2|5|0
2|12|241|86|19|44|0
2|13|317|94|35|36|0
2|14|438|98|42|42|0
2|15|38|10|1|8|0
2|16|158|47|17|22|0
2|17|128|43|10|26|0
2|19|14|11|2|7|1
2|20|35|9|0|3|0
2|21|313|61|22|20|0
2|22|107|39|6|19|0
2|24|132|58|15|30|1
2|26|667|192|57|83|0
3|0|1115|348|140|139|0
3|1|1895|532|200|202|0
3|2|19|7|1|4|0
3|3|396|158|48|70|0
3|4|89|36|4|15|0
3|5|127|30|6|14|0
3|6|245|117|31|57|1
3|7|32|6|1|4|0
3|8|77|32|7|18|0
3|10|216|104|33|46|0
3|11|6|1|1|0|0
3|12|184|57|16|28|0
3|13|211|50|26|10|0
3|14|390|82|40|24|0
3|15|42|22|4|6|0
3|16|70|26|9|8|0
3|17|121|49|8|31|0
3|19|1|1|1|0|0
3|20|23|10|1|4|0
3|21|352|64|28|22|0
3|22|271|107|31|50|1
3|24|101|45|18|19|1
3|26|571|211|59|99|0
4|0|883|232|91|95|0
4|1|1695|438|174|181|0
4|2|17|5|1|2|0
4|3|448|171|53|87|0
4|4|70|22|4|14|0
4|5|131|30|8|18|0
4|6|190|63|16|33|1
4|7|40|14|3|8|0
4|8|88|33|10|16|0
4|10|227|90|25|37|0
4|11|14|4|2|0|0
4|12|313|123|34|48|0
4|13|230|57|22|25|0
4|14|451|86|34|26|0
4|15|63|26|5|12|0
4|16|176|61|21|26|0
4|17|135|41|10|23|1
4|19|4|2|0|2|0
4|20|28|7|2|4|0
4|21|320|55|26|17|0
4|22|85|37|10|18|0
4|24|145|62|13|36|1
4|26|396|143|35|72|0
0|0|834|236|104|87|0
0|1|1818|472|179|171|0
0|2|21|8|3|2|0
0|3|362|131|42|66|0
0|4|63|31|12|7|0
0|5|125|25|10|10|0
0|6|201|91|27|45|0
0|7|35|9|2|4|0
0|8|88|38|13|17|0
0|10|165|74|29|30|0
0|11|15|4|1|2|0
0|12|441|145|50|55|1
0|13|204|45|20|18|0
0|14|425|83|30|32|0
0|15|41|11|3|6|0
0|16|58|20|6|10|0
0|17|115|37|14|17|0
0|20|26|8|5|3|0
0|21|284|47|23|14|0
0|22|29|12|3|7|0
0|24|175|47|16|22|0
0|26|595|230|81|98|0
1|0|1133|256|87|102|0
1|1|1712|448|149|193|0
1|2|20|7|3|3|0
1|3|424|162|41|82|0
1|4|52|23|5|12|0
1|5|114|18|6|8|0
1|6|228|98|24|41|0
1|7|46|12|6|6|0
1|8|97|37|8|17|0
1|10|197|81|28|36|0
1|11|18|1|0|1|0
1|12|209|74|16|39|0
1|13|229|55|28|19|0
1|14|400|78|35|29|0
1|15|52|24|7|13|0
1|16|86|36|15|16|0
1|17|143|37|9|17|0
1|20|33|10|2|5|0
1|21|302|51|22|22|0
1|22|85|37|14|15|1
1|24|89|29|9|10|0
1|26|596|218|56|109|0
2|0|886|270|98|114|0
2|1|1365|357|123|156|1
2|2|50|21|8|10|0
2|3|710|246|84|106|1
2|4|35|14|2|8|0
2|5|130|39|16|18|0
2|6|225|96|25|42|1
2|7|42|6|3|3|0
2|8|95|31|11|13|0
2|10|204|79|30|37|0
2|11|12|2|0|1|1
2|12|217|73|19|34|0
2|13|274|63|21|30|0
2|14|611|163|54|69|0
2|15|55|14|4|6|0
2|16|76|29|11|15|0
2|17|134|51|13|22|0
2|19|13|4|2|0|0
2|20|28|7|2|3|0
2|21|296|62|33|22|1
2|22|485|183|61|89|0
2|24|189|65|28|30|1
2|26|699|215|74|92|0
3|0|877|202|84|79|0
3|1|1697|441|164|188|0
3|2|18|6|1|3|0
3|3|414|120|47|44|0
3|4|17|10|2|6|0
3|5|115|24|10|8|0
3|6|191|79|23|39|1
3|7|38|9|1|7|0
3|8|78|26|5|18|0
3|10|205|89|36|43|0
3|11|17|3|1|2|0
3|12|155|60|17|24|0
3|13|227|55|25|22|0
3|14|442|100|37|41|0
3|15|41|15|4|10|0
3|16|86|24|12|7|0
3|17|170|57|15|30|1
3|20|33|15|3|10|0
3|21|358|57|27|16|0
3|22|550|175|56|82|1
3|24|168|62|22|27|1
3|26|697|215|76|95|0
4|0|815|170|59|67|0
4|1|1566|402|135|169|0
4|2|9|3|0|3|0
4|3|462|185|50|100|0
4|4|42|22|3|14|0
4|5|116|20|5|11|0
4|6|204|82|22|32|1
4|7|32|8|4|4|0
4|8|94|32|13|12|0
4|10|239|92|29|37|0
4|11|23|4|3|1|0
4|12|279|107|28|45|0
4|13|205|42|23|14|0
4|14|428|85|38|29|0
4|15|61|27|7|9|0
4|16|154|52|23|18|0
4|17|151|52|7|27|1
4|19|3|2|1|1|0
4|20|30|14|6|7|0
4|21|346|64|29|21|0
4|22|98|37|12|16|0
4|24|132|33|7|18|1
4|26|425|153|48|59|0
0|0|750|186|68|67|0
0|1|1937|425|166|165|0
0|2|23|6|2|1|0
0|3|454|159|46|66|0
0|4|14|5|1|1|0
0|5|117|18|7|4|0
0|6|261|96|22|46|1
0|7|50|12|6|2|0
0|8|77|30|9|13|0
0|10|261|93|37|34|0
0|11|13|5|2|3|0
0|12|188|56|12|25|0
0|13|240|46|19|20|0
0|14|428|81|39|27|0
0|15|39|20|5|12|0
0|16|88|25|4|15|0
0|17|160|54|17|24|0
0|19|8|2|0|1|0
0|20|32|7|2|3|0
0|21|288|53|28|14|0
0|22|37|16|5|8|0
0|24|108|34|16|11|0
0|26|576|182|56|83|0
1|0|1064|241|90|97|0
1|1|1701|419|147|174|0
1|2|21|7|3|4|0
1|3|430|136|58|50|0
1|4|53|13|1|9|0
1|5|117|25|8|10|0
1|6|245|86|17|44|0
1|7|48|18|6|10|0
1|8|93|18|1|13|0
1|10|198|64|25|30|0
1|11|21|5|1|3|0
1|12|251|89|25|45|1
1|13|235|52|26|14|0
1|14|392|53|22|18|0
1|15|33|12|1|9|0
1|16|80|29|12|13|0
1|17|114|45|10|25|0
1|19|3|2|0|2|0
1|20|29|13|4|9|0
1|21|323|60|30|19|0
1|22|32|8|3|2|0
1|24|67|29|12|12|0
1|26|770|270|86|126|0
2|0|767|216|78|82|0
2|1|1254|336|113|145|1
2|2|17|6|3|2|0
2|3|676|237|73|114|1
2|4|25|13|0|8|0
2|5|135|26|8|10|0
2|6|391|176|45|82|1
2|7|41|10|2|5|0
2|8|111|33|16|12|0
2|10|201|68|24|29|0
2|11|15|4|0|4|0
2|12|277|94|28|36|0
2|13|364|88|25|34|0
2|14|568|124|39|53|0
2|15|54|17|3|11|0
2|16|96|38|5|24|0
2|17|156|41|11|20|1
2|19|3|1|1|0|0
2|20|23|7|3|4|0
2|21|307|63|27|24|1
2|22|200|70|33|28|1
2|24|169|64|16|37|1
2|26|678|201|59|93|1
3|0|845|212|70|81|1
3|1|1586|375|127|146|0
3|2|18|6|1|5|0
3|3|502|150|55|65|0
3|4|25|8|2|5|0
3|5|117|18|3|8|0
3|6|269|91|32|32|1
3|7|38|9|1|4|0
3|8|66|25|8|11|0
3|10|209|72|24|31|0
3|11|11|1|0|1|0
3|12|409|141|41|62|1
3|13|238|48|20|15|0
3|14|457|88|37|32|0
3|15|36|14|4|4|0
3|16|65|23|5|7|0
3|17|133|42|14|17|0
3|20|31|10|1|4|0
3|21|344|55|34|12|0
3|22|26|6|1|3|0
3|24|111|40|11|22|0
3|26|686|203|61|84|0
4|0|937|254|89|106|0
4|1|1486|404|129|182|1
4|2|19|9|3|2|0
4|3|527|211|50|107|0
4|4|25|15|0|13|0
4|5|107|24|8|13|0
4|6|224|88|23|39|1
4|7|29|14|4|7|0
4|8|78|25|5|10|0
4|10|190|79|18|36|0
4|11|33|12|1|7|1
4|12|268|93|21|46|0
4|13|216|42|22|13|0
4|14|481|92|43|30|0
4|15|55|18|3|10|0
4|16|166|59|10|30|0
4|17|129|43|12|19|1
4|19|2|2|0|1|0
4|20|26|6|1|1|0
4|21|301|57|21|22|0
4|22|91|38|9|21|0
4|24|123|56|10|29|0
4|26|369|135|35|60|0
0|0|737|161|64|68|0
0|1|1677|346|126|139|0
0|2|21|6|3|2|0
0|3|489|174|54|81|0
0|4|16|8|3|3|0
0|5|132|25|13|9|0
0|6|283|103|27|49|0
0|7|45|8|4|3|0
0|8|83|29|12|10|0
0|10|192|65|17|29|0
0|11|13|3|0|1|0
0|12|209|56|18|22|0
0|13|238|41|18|18|0
0|14|479|90|41|39|0
0|15|53|13|5|4|0
0|16|57|20|7|11|0
0|17|154|57|15|33|0
0|19|7|2|2|0|0
0|20|32|13|4|4|0
0|21|312|47|21|16|0
0|22|46|16|5|9|0
0|24|83|33|15|12|0
0|26|490|163|58|65|0
1|0|739|151|63|54|0
1|1|1250|287|120|105|0
1|2|18|6|2|2|0
1|3|430|134|48|52|1
1|4|34|15|3|6|0
1|5|107|18|10|6|0
1|6|264|96|34|44|0
1|7|47|15|7|6|0
1|8|88|28|4|14|1
1|10|215|72|26|30|0
1|11|18|5|3|1|0
1|12|226|70|19|37|0
1|13|227|50|28|14|0
1|14|465|81|36|32|0
1|15|44|20|3|12|0
1|16|78|29|13|7|0
1|17|100|21|6|9|0
1|20|25|10|3|6|0
1|21|323|69|29|22|0
1|22|233|83|31|36|1
1|24|218|60|23|21|1
1|26|567|149|54|64|0
2|0|639|175|64|66|0
2|1|1437|340|127|139|0
2|2|20|8|0|7|0
2|3|515|185|61|81|1
2|4|33|9|2|4|0
2|5|136|24|10|11|0
2|6|335|127|35|51|1
2|7|47|13|6|6|0
2|8|94|30|17|8|0
2|10|210|79|27|33|1
2|11|21|2|0|1|0
2|12|246|74|18|31|0
2|13|253|58|27|19|0
2|14|548|119|56|40|0
2|15|72|34|9|10|0
2|16|95|26|11|11|0
2|17|155|52|18|25|1
2|19|5|2|0|2|0
2|20|25|5|2|2|0
2|21|301|57|24|23|0
2|22|90|31|12|13|0
2|24|260|97|42|36|1
2|26|598|166|49|78|0
3|0|754|192|77|70|0
3|1|1532|395|143|156|0
3|2|18|4|0|1|0
3|3|507|187|66|83|0
3|4|9|4|2|1|0
3|5|116|21|13|3|0
3|6|292|111|32|47|1
3|7|30|10|3|7|0
3|8|77|24|11|9|0
3|10|205|83|29|33|0
3|11|19|4|2|1|0
3|12|211|70|20|35|0
3|13|225|47|18|20|0
3|14|441|104|43|36|0
3|15|38|15|2|9|0
3|16|61|21|6|7|0
3|17|117|41|15|16|0
3|19|6|3|0|2|0
3|20|26|9|2|4|0
3|21|325|57|24|22|0
3|22|232|91|34|33|0
3|24|183|63|20|29|0
3|26|677|187|57|82|0
4|0|695|168|50|74|0
4|1|1169|306|109|130|0
4|2|12|1|0|1|0
4|3|517|201|78|79|1
4|4|27|14|4|4|0
4|5|121|25|11|9|1
4|6|294|101|22|52|1
4|7|36|15|7|7|0
4|8|91|34|10|16|0
4|9|1|1|1|0|0
4|10|244|87|30|45|0
4|11|23|3|0|2|0
4|12|254|90|22|42|0
4|13|222|44|21|11|0
4|14|470|91|41|29|0
4|15|71|26|5|10|0
4|16|153|65|26|25|0
4|17|119|28|5|18|1
4|20|23|5|2|2|0
4|21|288|58|25|24|0
4|22|65|25|12|9|0
4|24|153|62|16|29|1
4|26|448|154|57|62|0
0|0|795|200|87|71|0
0|1|1650|373|145|152|1
0|2|17|3|1|2|0
0|3|329|130|47|52|1
0|4|11|5|2|3|0
0|5|112|25|12|7|1
0|6|350|152|50|66|0
0|7|40|9|1|7|0
0|8|91|28|13|10|0
0|10|134|51|17|23|0
0|11|16|5|1|2|0
0|12|161|54|15|29|0
0|13|211|30|14|12|0
0|14|385|55|21|22|0
0|15|45|16|6|8|0
0|16|61|24|9|11|0
0|17|157|48|19|21|0
0|19|6|2|0|1|0
0|20|30|7|2|3|0
0|21|286|50|22|20|1
0|22|58|20|3|11|0
0|24|96|28|13|9|0
0|26|665|198|60|98|1
1|0|861|184|69|74|0
1|1|1115|245|110|79|1
1|2|21|5|1|2|0
1|3|329|130|53|53|0
1|4|29|13|4|6|0
1|5|116|13|6|2|0
1|6|321|123|47|55|0
1|7|46|8|2|4|0
1|8|109|32|15|10|0
1|10|93|33|14|10|0
1|11|18|3|1|2|0
1|12|216|58|16|25|0
1|13|235|46|19|15|0
1|14|421|48|24|11|0
1|15|46|8|3|4|0
1|16|84|23|7|9|0
1|17|114|39|9|21|0
1|19|4|2|0|2|0
1|20|26|6|3|2|0
1|21|306|60|29|16|0
1|22|22|4|0|2|0
1|24|96|34|9|14|0
1|26|569|153|49|64|0
2|0|567|122|59|38|0
2|1|1228|293|117|106|0
2|2|23|13|7|4|0
2|3|243|84|31|35|0
2|4|28|8|1|4|0
2|5|127|15|8|3|0
2|6|318|117|29|49|1
2|7|80|23|13|8|0
2|8|98|26|9|11|0
2|10|82|35|13|17|0
2|11|16|2|1|1|0
2|12|188|60|25|25|0
2|13|234|53|25|17|0
2|14|446|93|41|35|0
2|15|46|19|5|13|0
2|16|65|19|8|6|0
2|17|141|41|12|21|0
2|19|9|8|4|3|1
2|20|25|7|6|1|0
2|21|304|64|34|19|0
2|22|151|60|16|34|0
2|24|109|43|19|18|0
2|26|573|155|57|62|0
3|0|692|168|68|64|0
3|1|1504|338|133|127|0
3|2|76|29|10|13|0
3|3|320|109|28|54|0
3|4|8|1|0|1|0
3|5|114|27|14|10|0
3|6|336|122|34|59|1
3|7|76|16|3|9|0
3|8|85|29|12|14|0
3|10|115|34|12|14|0
3|11|8|1|0|1|0
3|12|167|64|20|32|0
3|13|223|44|21|13|0
3|14|393|74|38|27|0
3|15|35|10|1|6|0
3|16|68|19|7|8|0
3|17|133|46|15|21|0
3|19|4|3|1|1|0
3|20|32|9|4|4|0
3|21|313|58|20|21|1
3|22|66|22|7|10|0
3|24|141|48|20|18|0
3|26|618|181|56|76|0
4|0|591|144|51|52|0
4|1|1134|260|78|105|0
4|2|15|5|2|0|0
4|3|284|107|31|47|0
4|4|29|14|1|9|0
4|5|122|32|14|15|0
4|6|348|127|38|45|0
4|7|23|11|4|5|0
4|8|85|29|8|12|0
4|10|106|36|17|12|0
4|11|29|4|1|3|0
4|12|200|63|14|28|0
4|13|204|28|13|8|0
4|14|494|79|38|22|0
4|15|64|22|5|11|0
4|16|116|33|11|10|0
4|17|122|28|9|12|0
4|20|28|10|3|5|0
4|21|284|56|30|15|0
4|22|227|89|24|41|0
4|24|102|36|16|14|0
4|26|427|112|34|43|0
0|0|697|175|80|58|0
0|1|1483|363|143|140|0
0|2|15|3|2|1|0
0|3|283|121|37|55|0
0|4|3|1|0|1|0
0|5|117|20|10|6|0
0|6|351|154|42|71|0
0|7|46|11|2|7|0
0|8|100|30|10|11|0
0|10|112|44|20|16|0
0|11|12|3|0|2|0
0|12|134|55|18|26|0
0|13|204|32|19|7|0
0|14|395|62|30|21|0
0|15|55|21|9|9|0
0|16|74|29|7|13|0
0|17|157|52|13|33|0
0|19|2|1|0|1|0
0|20|29|5|2|1|0
0|21|301|41|24|11|0
0|22|44|13|2|9|0
0|24|97|42|14|21|0
0|26|496|137|41|59|0
1|0|679|166|63|67|0
1|1|1276|334|142|118|0
1|3|273|102|27|49|0
1|4|27|12|4|6|0
1|5|128|27|13|10|0
1|6|423|173|60|76|0
1|7|46|12|3|6|0
1|8|81|31|12|14|1
1|10|99|34|14|11|0
1|11|16|3|2|1|0
1|12|187|54|14|24|0
1|13|213|38|12|13|0
1|14|386|71|35|23|0
1|15|47|19|5|8|0
1|16|97|25|8|10|0
1|17|164|54|16|27|0
1|20|23|9|3|4|0
1|21|279|41|16|11|0
1|22|37|17|7|8|0
1|24|56|21|9|8|0
1|26|693|225|74|99|0
2|0|831|208|88|66|0
2|1|1456|356|134|125|0
2|2|18|7|4|2|0
2|3|166|62|28|20|0
2|4|7|2|1|1|0
2|5|90|22|13|8|1
2|6|308|126|42|59|0
2|7|37|11|5|3|0
2|8|77|21|8|11|0
2|10|101|42|19|13|0
2|11|17|4|0|3|0
2|12|175|56|17|31|0
2|13|196|32|20|7|0
2|14|315|50|31|17|0
2|15|42|13|2|5|0
2|16|82|21|4|10|0
2|17|122|42|12|22|0
2|19|1|1|0|1|0
2|20|25|6|3|1|0
2|21|242|47|29|11|0
2|22|701|266|96|111|1
2|24|135|50|21|17|1
2|26|510|125|56|48|0
4|0|240|55|19|17|0
4|1|57|10|3|1|0
4|2|4|1|0|1|0
4|3|90|17|4|8|0
4|5|43|7|2|1|0
4|6|424|85|32|27|0
4|8|39|6|1|2|0
4|10|55|11|5|5|0
4|12|131|30|9|9|0
4|13|130|23|4|5|0
4|14|156|25|9|1|0
4|15|28|8|1|4|0
4|16|89|16|3|7|0
4|17|66|13|4|2|0
4|20|21|4|2|0|0
4|21|115|18|1|2|0
4|22|54|10|5|0|0
4|24|36|8|3|1|0
4|26|152|26|12|6|0
0|0|509|106|50|25|0
0|1|482|112|57|23|0
0|2|18|5|3|2|0
0|3|90|30|10|14|0
0|5|100|9|6|0|0
0|6|403|117|46|44|0
0|7|21|7|4|3|0
0|8|67|9|5|2|0
0|10|59|17|7|8|0
0|11|13|4|1|3|0
0|12|103|28|15|9|0
0|13|199|24|12|6|0
0|14|358|39|12|14|0
0|15|46|10|1|7|0
0|16|86|18|4|10|0
0|17|90|21|6|10|0
0|19|9|2|0|1|0
0|20|25|3|1|1|0
0|21|273|33|22|5|0
0|22|18|6|4|1|0
0|24|72|19|6|6|0
0|26|244|63|20|32|0
1|0|307|81|39|26|0
1|1|552|121|58|31|0
1|2|14|4|0|3|0
1|3|101|27|9|15|0
1|4|1|1|1|0|0
1|5|113|21|11|8|0
1|6|499|154|64|64|0
1|7|14|3|3|0|0
1|8|64|13|3|5|0
1|10|62|19|11|4|0
1|11|17|4|2|2|0
1|12|84|20|5|9|0
1|13|206|36|20|8|0
1|14|345|33|14|10|0
1|15|28|9|4|4|0
1|16|65|19|9|6|0
1|17|86|17|9|8|0
1|19|1|1|0|1|0
1|20|22|7|3|3|0
1|21|273|22|12|4|0
1|22|13|4|0|2|0
1|24|52|15|7|4|0
1|26|224|58|25|21|0
2|0|352|88|33|28|0
2|1|1019|221|97|74|0
2|2|15|5|1|3|0
2|3|87|28|12|12|0
2|5|105|15|8|5|0
2|6|537|175|68|72|0
2|7|20|7|1|6|0
2|8|64|16|6|7|0
2|10|78|27|11|10|0
2|11|19|4|3|0|0
2|12|109|30|11|15|0
2|13|197|31|19|6|0
2|14|378|69|33|23|0
2|15|36|13|5|5|0
2|16|79|26|14|10|0
2|17|105|28|14|10|0
2|19|5|3|3|0|0
2|20|27|7|3|3|0
2|21|295|22|8|7|0
2|22|102|38|17|14|0
2|24|49|13|3|4|0
2|26|237|70|26|28|0
3|0|525|124|53|42|0
3|1|602|126|53|55|0
3|2|7|2|1|1|0
3|3|81|36|14|15|0
3|4|5|3|2|0|0
3|5|123|17|7|8|0
3|6|524|173|58|83|0
3|7|17|3|1|2|0
3|8|81|16|7|5|1
3|10|58|17|8|8|0
3|11|24|2|1|1|0
3|12|119|38|18|17|0
3|13|198|29|15|9|0
3|14|379|49|26|14|0
3|15|31|4|1|3|0
3|16|84|18|9|4|0
3|17|115|29|10|17|0
3|19|2|1|1|0|0
3|20|23|7|4|1|0
3|21|277|37|22|7|0
3|22|30|7|3|3|0
3|24|49|12|8|2|0
3|26|249|66|22|30|0
4|0|783|192|79|69|0
4|1|772|154|62|53|0
4|2|5|4|1|3|0
4|3|93|36|12|17|0
4|5|105|11|4|4|0
4|6|406|143|46|61|0
4|7|15|2|0|2|0
4|8|77|21|6|10|0
4|10|36|16|7|7|0
4|11|11|1|1|0|0
4|12|106|28|13|6|0
4|13|195|31|11|9|0
4|14|359|49|23|10|0
4|15|40|11|3|6|0
4|16|109|25|13|9|0
4|17|106|26|8|14|0
4|20|25|2|0|1|0
4|21|272|36|18|7|0
4|22|74|31|11|11|0
4|24|36|8|0|6|0
4|26|197|58|21|21|0
0|0|216|61|29|19|0
0|1|379|75|35|17|0
0|2|20|3|2|1|0
0|3|105|30|8|17|0
0|5|140|16|8|3|0
0|6|421|108|45|39|0
0|7|20|3|1|1|0
0|8|90|13|8|4|0
0|10|37|8|2|4|1
0|11|20|2|2|0|0
0|12|106|31|13|17|0
0|13|273|45|26|10|0
0|14|427|34|17|9|0
0|15|33|12|2|9|0
0|16|76|21|13|4|0
0|17|135|30|13|12|0
0|19|6|2|1|0|0
0|20|32|6|2|2|0
0|21|330|30|11|6|0
0|22|31|9|2|6|0
0|24|56|16|7|6|0
0|26|310|82|35|35|0
1|0|154|32|10|11|0
1|1|61|15|4|5|0
1|2|26|6|1|1|0
1|3|97|23|5|10|0
1|5|126|12|6|3|0
1|6|355|77|32|26|0
1|7|14|4|1|2|0
1|8|74|15|6|5|0
1|10|27|8|4|4|0
1|11|23|3|1|1|0
1|12|91|23|12|6|0
1|13|254|27|16|4|0
1|14|424|41|16|8|0
1|15|32|5|5|0|0
1|16|74|17|12|3|0
1|17|105|16|8|7|0
1|20|26|3|1|0|0
1|21|353|28|19|1|0
1|22|33|10|5|2|0
1|24|34|8|2|3|0
1|26|173|39|14|9|0
2|6|46|2|2|0|0
2|16|74|7|3|0|0
3|0|115|41|16|10|0
3|1|336|113|38|19|0
3|2|11|4|1|0|0
3|3|108|45|15|7|0
3|5|135|22|5|4|0
3|6|255|76|25|28|0
3|7|7|1|1|0|0
3|8|76|17|7|3|0
3|10|49|16|5|7|0
3|11|17|4|3|0|0
3|12|124|43|8|23|0
3|13|286|63|20|18|0
3|14|451|72|28|17|0
3|15|50|17|7|3|0
3|16|105|35|19|5|0
3|17|139|43|16|13|0
3|19|2|1|1|0|0
3|20|30|7|2|2|0
3|21|330|35|13|5|0
3|22|88|27|12|5|0
3|24|42|14|7|2|0
3|26|208|47|22|16|0
4|0|93|77|31|22|0
4|1|282|258|83|30|0
4|2|8|4|1|0|0
4|3|102|98|44|14|0
4|4|4|4|3|0|0
4|5|126|106|32|7|0
4|6|176|158|75|34|0
4|7|6|6|2|1|0
4|8|69|62|28|0|0
4|10|54|46|17|6|0
4|11|25|22|11|5|0
4|12|135|117|52|26|0
4|13|256|209|70|9|0
4|14|478|374|133|27|0
4|15|38|33|18|8|0
4|16|112|104|61|16|0
4|17|163|137|75|14|0
4|19|1|1|1|0|0
4|20|29|24|11|4|0
4|21|314|260|81|10|0
4|22|92|87|27|13|0
4|24|34|29|12|2|0
4|26|114|98|43|16|0