2014-09-19|229|76|3|20|33|
2014-09-18|36|9|1|2|5|
2014-09-15|51|14|0|3|6|
2014-09-17|868|268|9|52|108|
2014-09-16|26|15|0|4|7|
2014-09-22|23|8|0|2|5|
2014-09-23|30|14|0|8|3|
2014-09-24|111|34|2|10|16|
2014-09-25|50|16|0|6|7|
2014-09-26|250|83|6|20|35|
2014-09-29|750|298|7|63|117|
2014-09-30|201|63|2|23|30|
2014-12-08|37|14|0|5|7|
2014-12-09|32|7|2|2|2|
2014-12-02|85|28|0|9|11|
2014-12-03|485|140|4|42|72|
2014-12-01|29|10|0|3|5|
2014-12-04|550|140|10|41|70|
2014-12-05|98|34|3|9|16|
2014-12-19|65|21|0|12|5|
2014-12-18|232|81|4|27|30|
2014-12-11|26|6|1|1|3|
2014-12-10|200|51|2|22|20|
2014-12-12|91|30|1|6|18|
2014-12-15|46|11|0|3|6|
2014-12-17|90|25|0|11|10|
2014-12-16|233|68|3|24|30|
2014-12-29|44|13|0|2|9|
2014-12-24|151|51|2|13|29|
2014-12-25|66|16|0|4|8|
2014-12-26|227|70|4|18|31|
2014-12-22|58|17|2|2|10|
2014-12-23|22|4|0|0|2|
2014-12-31|701|217|12|74|90|
2014-12-30|37|13|1|6|6|
2015-01-12|31|6|1|2|3|
2015-01-13|33|10|1|5|2|
2015-01-15|88|25|6|11|4|
2015-01-16|92|86|26|27|12|
2015-01-09|74|22|2|4|10|
2015-01-08|30|3|0|1|1|
2015-01-07|102|30|2|11|12|
2015-01-06|13|3|0|0|1|
2015-01-05|18|6|1|4|1|
2015-01-02|54|7|1|2|0|
2014-10-28|208|69|2|12|34|
2014-10-29|277|98|2|27|41|
2014-10-27|48|16|0|3|5|
2014-10-24|319|120|2|29|48|
2014-10-22|292|119|7|17|60|
2014-10-23|522|128|6|42|63|
2014-10-20|352|145|0|38|73|
2014-10-21|159|52|0|17|26|
2014-10-31|74|27|0|3|16|
2014-10-30|217|86|4|21|39|
2014-10-06|50|8|0|3|4|
2014-10-07|60|10|3|1|4|
2014-10-08|54|18|0|6|8|
2014-10-09|214|69|2|9|33|
2014-11-21|343|106|6|18|49|
2014-11-20|76|24|1|6|9|
2014-11-25|28|10|0|3|3|
2014-11-24|24|6|0|2|3|
2014-11-27|271|89|4|20|44|
2014-11-26|107|34|1|5|16|
2014-11-28|85|29|1|8|13|
2014-10-17|443|152|4|37|70|
2014-10-16|372|107|4|30|44|
2014-10-15|189|79|1|19|37|
2014-10-14|320|126|3|19|47|
2014-10-13|460|149|4|29|68|
2014-10-10|89|41|0|12|19|
2014-11-14|106|29|1|6|12|
2014-11-17|36|10|0|3|1|
2014-11-10|48|20|0|3|11|
2014-11-11|172|59|1|18|26|
2014-11-12|86|29|1|6|10|
2014-11-13|197|47|3|18|22|
2014-11-18|247|72|2|20|23|
2014-11-19|277|94|1|31|45|
2014-11-03|46|20|1|5|6|
2014-11-07|111|32|1|6|15|
2014-11-06|36|12|1|4|5|
2014-11-05|149|51|0|13|27|
2014-11-04|53|16|0|1|8|
