2014-09-19|80|23|1|9|7|
2014-09-18|85|25|1|12|8|
2014-09-15|69|20|0|9|8|
2014-09-17|88|28|0|13|10|
2014-09-16|75|19|0|9|8|
2014-09-22|94|29|0|11|8|
2014-09-23|132|63|1|19|24|
2014-09-24|135|41|1|11|15|
2014-09-25|151|62|0|31|19|
2014-09-26|184|65|3|15|29|
2014-09-29|70|26|0|8|8|
2014-09-30|159|59|4|16|23|
2014-12-08|114|29|0|8|10|
2014-12-09|164|52|0|14|26|
2014-12-02|134|41|0|10|25|
2014-12-03|137|35|0|8|16|
2014-12-01|283|87|0|25|35|
2014-12-04|97|27|0|6|12|
2014-12-05|188|65|0|16|33|
2014-12-19|150|46|0|13|24|
2014-12-18|135|30|2|15|9|
2014-12-11|271|84|1|29|32|
2014-12-10|174|51|2|16|18|
2014-12-13|1|1|0|0|0|
2014-12-12|176|57|0|13|26|
2014-12-15|127|33|0|11|13|
2014-12-17|158|44|2|8|23|
2014-12-16|141|38|0|6|26|
2014-12-29|74|21|1|5|12|
2014-12-24|99|25|0|12|7|
2014-12-25|101|33|0|11|14|
2014-12-26|99|29|0|10|8|
2014-12-22|84|19|0|5|9|
2014-12-23|135|23|0|5|11|
2014-12-31|100|28|2|12|11|
2014-12-30|88|19|0|7|8|
2015-01-12|58|11|0|6|5|
2015-01-13|55|9|1|5|2|
2015-01-15|66|20|4|7|8|
2015-01-16|70|64|14|31|12|
2015-01-09|55|13|0|5|4|
2015-01-08|72|22|0|13|8|
2015-01-07|45|11|0|4|6|
2015-01-06|45|8|0|2|6|
2015-01-05|55|14|0|11|2|
2015-01-02|71|19|0|5|6|
2014-10-28|157|44|1|7|20|
2014-10-29|127|45|1|10|25|
2014-10-27|122|34|0|7|16|
2014-10-24|184|75|0|24|27|
2014-10-22|134|48|0|16|21|
2014-10-23|179|56|0|15|30|
2014-10-20|132|54|1|17|22|
2014-10-21|164|54|1|9|30|
2014-10-31|163|60|1|15|22|
2014-10-30|161|58|0|14|35|
2014-10-06|86|18|2|11|4|
2014-10-07|78|12|2|5|4|
2014-10-08|109|47|3|13|15|
2014-10-09|123|46|0|14|17|
2014-11-21|297|85|1|35|37|
2014-11-20|102|32|0|7|18|
2014-11-25|153|49|2|13|19|
2014-11-24|138|38|0|9|16|
2014-11-27|108|32|0|10|13|
2014-11-26|157|49|0|10|29|
2014-11-28|204|65|1|13|30|
2014-10-17|636|238|7|56|116|
2014-10-16|335|119|1|28|52|
2014-10-15|164|57|0|14|27|
2014-10-14|159|69|1|13|25|
2014-10-13|151|64|0|8|34|
2014-10-10|141|57|0|14|27|
2014-11-14|157|52|0|11|21|
2014-11-17|152|45|0|13|24|
2014-11-10|103|36|1|5|20|
2014-11-11|159|46|1|16|16|
2014-11-12|146|44|1|12|15|
2014-11-13|158|48|1|14|23|
2014-11-18|166|58|0|14|28|
2014-11-19|166|54|1|7|29|
2014-11-03|126|36|0|12|14|
2014-11-07|186|57|1|10|25|
2014-11-06|142|45|0|9|23|
2014-11-05|136|47|0|15|22|
2014-11-04|175|53|0|12|30|
